ala ma kota
ala ma psa
ala ma kotka
4879234 789237894 879234 789238794 879238479 237894 789237894 78924879 23897 478923898 794238974 7892346 329846 72386478 2364783264 87326 43284 34 32

4879234 789237894 879234 789238794 879238479 237894 789237894 78924879 23897 478923898 794238974 7892346 329846 72386478 2364783264 87326 43284 34 32

4879234 789237894 879234 789238794 879238479 237894 789237894 78924879 23897 478923898 794238974 7892346 329846 72386478 2364783264 87326 43284 34 32

4879234 789237894 879234 789238794 879238479 237894 789237894 78924879 23897 478923898 794238974 7892346 329846 72386478 2364783264 87326 43284 34 32

4879234 789237894 879234 789238794 879238479 237894 789237894 78924879 23897 478923898 794238974 7892346 329846 72386478 2364783264 87326 43284 34 32

4879234 789237894 879234 789238794 879238479 237894 789237894 78924879 23897 478923898 794238974 7892346 329846 72386478 2364783264 87326 43284 34 32

4879234 789237894 879234 789238794 879238479 237894 789237894 78924879 23897 478923898 794238974 7892346 329846 72386478 2364783264 87326 43284 34 32

ala ma 2 koty
ala ma kota
ala ma kota
ala ma kota
ala ma kota
ala ma kota
ala ma kota
ala ma psa
ala ma kotka
ala ma 2 koty
ala ma psa
ala ma kotka
ala ma 2 koty
ala ma psa
ala ma kotka
ala ma 2 koty
ala ma psa
ala ma kotka
ala ma 2 koty
ala ma psa
ala ma kotka
ala ma 2 koty
ala ma psa
ala ma kotka
ala ma 2 koty
4879234 789237894 879234 789238794 879238479 237894 789237894 78924879 23897 478923898 794238974 7892346 329846 72386478 2364783264 87326 43284 34 32

4879234 789237894 879234 789238794 879238479 237894 789237894 78924879 23897 478923898 794238974 7892346 329846 72386478 2364783264 87326 43284 34 32

4879234 789237894 879234 789238794 879238479 237894 789237894 78924879 23897 478923898 794238974 7892346 329846 72386478 2364783264 87326 43284 34 32

4879234 789237894 879234 789238794 879238479 237894 789237894 78924879 23897 478923898 794238974 7892346 329846 72386478 2364783264 87326 43284 34 32

4879234 789237894 879234 789238794 879238479 237894 789237894 78924879 23897 478923898 794238974 7892346 329846 72386478 2364783264 87326 43284 34 32

4879234 789237894 879234 789238794 879238479 237894 789237894 78924879 23897 478923898 794238974 7892346 329846 72386478 2364783264 87326 43284 34 32

